09 0.001816
0a 0.025974
20 0.148642
21 0.000148
22 0.002398
23 0.000461
25 0.000026
26 0.000113
27 0.000513
28 0.003068
29 0.003215
2a 0.002042
2b 0.000226
2c 0.007682
2e 0.013565
2f 0.006891
30 0.002694
31 0.001981
32 0.001625
33 0.000799
34 0.000530
35 0.000443
36 0.000574
37 0.000513
38 0.000713
39 0.000634
3a 0.003337
3b 0.000087
3c 0.000652
3d 0.003493
3e 0.000747
3f 0.000061
40 0.000070
41 0.003024
42 0.001538
43 0.002989
44 0.002138
45 0.002807
46 0.000843
47 0.002572
48 0.000747
49 0.004171
4a 0.000739
4b 0.000104
4c 0.001521
4d 0.001243
4e 0.002068
4f 0.001799
50 0.002537
51 0.000035
52 0.002485
53 0.003415
54 0.003693
55 0.001295
56 0.000469
57 0.000669
58 0.000765
59 0.000478
5a 0.000052
5b 0.002668
5c 0.000078
5d 0.002685
5e 0.000009
5f 0.002642
61 0.050150
62 0.016172
63 0.029138
64 0.025088
65 0.086743
66 0.015373
67 0.018597
68 0.023141
69 0.053791
6a 0.002520
6b 0.004293
6c 0.038045
6d 0.018657
6e 0.047013
6f 0.053904
70 0.018423
71 0.000678
72 0.046161
73 0.047778
74 0.063141
75 0.023020
76 0.008681
77 0.008064
78 0.002537
79 0.009611
7a 0.000782
7b 0.000191
7d 0.000191
7e 0.000026
84 0.000026
a2 0.000026
e2 0.000026
